1     10.333333750000001
2     5.499999625    
3     2.0624999374999993
4     2.484375039062501
5     1.6171874843749992
6     1.5468750126953126
7     1.1469726530761715
8     1.0019531296386721
9     0.786071777282715
10    0.6612396260299687
11    0.5314636235923766
12    0.4400024424371718
13    0.35730886512541804
14    0.2938306337648631
15    0.23965591232597838
16    0.19651673771930483
17    0.16058271406643831
18    0.1315173918973979
19    0.10755376956242871
20    0.0880412772990099
21    0.0720235467450347
22    0.058944086463168455
23    0.048227003514189876
24    0.03946532667343605
25    0.03229178154861741
26    0.026424106697391855
27    0.02162159705379285
28    0.017692484018235255
29    0.014477080901409575
30    0.011846197233750175
31    0.009693333578194047
32    0.007931764417246079
33    0.006490301309781565
34    0.005310812288402522
35    0.004345666221252431
36    0.003555921970985365
37    0.002909697166424474
38    0.0023809131140892503
39    0.0019482253096742425
40    0.001594170963268124
41    0.00130445936831583
42    0.0010673976726016526
43    0.0008734175716130638
44    0.0007146898472525642
45    0.0005848079811744955
46    0.000478529785968157
47    0.00039156571274490126
48    0.0003204057778752323
49    0.00026217786378246455
50    0.0002145318130245405
51    0.00017554456375491745
52    0.00014364253703208485
53    0.00011753812245313133
54    9.617770976143303e-05
