1     0.4375628930111911
2     0.5390509576347752
3     0.27242334318505834
4     0.1554313712112229
5     0.10455925676555461
6     0.07052437492763669
7     0.04738439515924596
8     0.031774222628247153
9     0.021288348151811354
10    0.01425772913389517
11    0.009547538164383057
12    0.006392987521054272
13    0.0042805953362429205
14    0.0028661527956437838
15    0.001919076630596095
16    0.0012849444890645212
17    0.000860351699824069
18    0.0005760597196481088
19    0.0003857082474252732
20    0.00025825593549448633
21    0.0001729185898838581
22    0.00011577986889577119
23    7.752190194981745e-05
