0     6.729808168730576
0     4.740781372947785
0     5.074007513711801
0     2.450632404228941
0     1.749449350844263
0     1.1892802721433804
0     0.766475564839101
0     0.41971963150304337
0     0.6188223187146957
0     0.6617906722912124
0     0.3872761304698328
0     0.2480090078218716
0     0.23267394554667337
0     0.3046640142867539
0     0.41890944979558753
0     0.49507853781934663
0     0.49927968701100545
0     0.463956927971304
0     0.42555324676672807
0     0.40062450121646426
0     0.39231218521087763
0     0.39769099364536353
0     0.4112667352894028
0     0.4268306199662973
0     0.43912907694506254
0     0.4452640996366722
0     0.4450779529671559
0     0.4403289025190976
0     0.4333234033268975
0     0.4258052280898098
0     0.4184323135133993
0     0.4107677981120459
0     0.40161756404953686
0     0.3895962514865623
0     0.3738055095119464
0     0.3544212364544779
0     0.3329231693760266
0     0.3118101584802466
0     0.2939078410901562
0     0.2815475027756837
0     0.2757661658407392
0     0.27531935842803124
0     0.27504346749067116
0     0.2638484198874401
0     0.2267701142353807
0     0.16107473600152283
0     0.09348872617877606
0     0.053022592630249624
0     0.04204745328850467
0     0.052428571959737776
0     0.04714205546559208
0     0.013355234856822756
0     0.009031210021600922
0     0.004705679552995699
0     0.0029128688953805534
0     0.0018773330323355948
0     0.001505310256296492
0     0.0024111936487422377
0     0.001911547449804364
0     0.0014640237271873935
0     0.0012696620691421533
0     0.0012012727532948776
0     0.0012107125235655178
0     0.00130329521315393
0     0.0014704856146265806
0     0.0016600783129632546
0     0.0017827838930083069
0     0.0017634816239708887
0     0.0016031958916934235
0     0.0013740228033510425
0     0.001159311179372464
0     0.0010146299774460952
0     0.0009635348072669716
0     0.000998904791457123
0     0.001066679068734249
0     0.0010638732997134016
0     0.0009416286359894196
0     0.0007788695691398048
0     0.0006670109195121372
0     0.0006309822467571939
0     0.0006428714164560942
0     0.0006431144174058952
0     0.0005846178529109083
0     0.0004763219222282741
0     0.00034246498283954153
0     0.00021353775021402835
0     0.00013748033140892506
0     0.00012378628717246972
0     0.00018107241235433273
0     0.0002763168783391903
0     0.0002735872905472081
0     0.00021337500176627018
0     0.00016555293228616395
0     0.00014051938858361388
0     0.0001333299804437899
0     0.00013856958475087013
0     0.0001522745222972716
0     0.0001720188847750734
0     0.00019668375526613808
0     0.0002257242508700348
0     0.00025825541900379714
0     0.00029244138221743446
0     0.0003254133645337171
0     0.00035373185064617826
0     0.0003742336201443335
0     0.00038490931023282083
0     0.00038539905916533477
0     0.00037690356123634385
0     0.000361645084298621
0     0.00034220316308955295
0     0.00032099561022465577
0     0.0003000036640562313
0     0.00028070441303329886
0     0.00026412509106296526
0     0.0002509444480856987
0     0.00024159535176380796
0     0.00023634723720598639
0     0.00023536116069309185
0     0.00023871604418439576
0     0.0002464059880434447
0     0.0002583086418819761
0     0.00027412638050676425
0     0.00029330799955169985
0     0.0003149705402710468
0     0.0003378570066286245
0     0.00036037722261260787
0     0.00038076936638596365
0     0.00039737579112754563
0     0.0004089604160798395
0     0.0004149504345565369
0     0.00041550626022457935
0     0.0004114045662754072
0     0.0004038020528133019
0     0.0003939786614213035
0     0.0003831346088429082
0     0.0003722693828949215
0     0.00036213456993407597
0     0.0003532367526055313
0     0.00034586671309377317
0     0.00034013797288486296
0     0.00033602516809412184
0     0.0003333983245264625
0     0.00033205237324304986
0     0.0003317327051975661
0     0.0003321578127897022
0     0.00033303961952422866
0     0.0003341013546116358
0     0.0003350921081992968
0     0.00033579676429391084
0     0.00033604003231463416
0     0.0003356838563516659
0     0.000334618527921496
0     0.00033274922350949506
0     0.0003299812316238142
0     0.0003262085553438264
0     0.00032131144845848065
0     0.00031516806326504604
0     0.00030768283235120585
0     0.0002988288825094329
0     0.0002886945541458371
0     0.00027751822327032566
0     0.0002656957517765912
0     0.0002537534675937172
0     0.00024229325767846847
0     0.00023192717636650388
0     0.00022322056895054273
0     0.00021665541804584347
0     0.00021261511640558516
0     0.00021138376449487403
0     0.00021314937777812393
0     0.00021799988224409448
0     0.0002259014156239294
0     0.00023664919914382593
0     0.00024978327228031863
0     0.00026446923814995205
0     0.0002793665550438358
0     0.000292552838736368
0     0.00030163308848185925
0     0.0003041758234486033
0     0.0002984711800808699
0     0.00028428712172793924
0     0.0002631045203574484
0     0.0002376042879278767
0     0.00021075274921377162
0     0.0001850472044918605
0     0.00016219801790894376
0     0.000143169416589257
0     0.00012837824761617242
0     0.00011790239333387111
0     0.00011163398698412348
0     0.00010936199640772164
0     0.00011078459837837886
0     0.00011545349095282108
0     0.00012265833358803758
0     0.00013128465564836336
0     0.00013973069199226163
0     0.0001460260206790996
0     0.00014827247443492317
0     0.00014532132393858504
0     0.00013728762906600902
0     0.00012543659413980022
0     0.00011136600382875782
0     9.592386191095057e-05
