1     0.5000904540138373
2     0.6250740156445023
3     0.4063105646493707
4     0.39067455812757634
5     0.28910305184063007
6     0.2529628697822777
7     0.1982693395069149
8     0.1668923348117525
9     0.1340819006788808
10    0.11103782531507432
11    0.09015346902351562
12    0.07414574081626554
13    0.060470625168662875
14    0.04958807766947643
15    0.04051936007146188
16    0.03318608805222244
17    0.027138921771396013
18    0.022215553898581916
19    0.018173676858668636
20    0.014873397225234161
21    0.012169119256625782
22    0.009958301382275575
23    0.008148189422506849
24    0.0066676027992981085
25    0.005455781678500776
26    0.004464349130627154
27    0.003653004932317086
28    0.0029891538577842824
29    0.0024459210475148013
30    0.002001424008021821
31    0.0016376992226617704
32    0.0013400785161346573
33    0.0010965429658134768
34    0.0008972666243326072
35    0.0007342045634587263
36    0.0006007763628090579
37    0.0004915961466703117
38    0.00040225753156430955
39    0.00032915453677022366
40    0.00026933670397147336
41    0.00022038965969044255
42    0.0001803378560122637
43    0.00014756473439274387
44    0.0001207475326050339
45    9.880386769868521e-05
